name = "Default Level"
width = 10
height = 10

[heights]
v = 1
dim = [10, 10]
data = [1.0, 1.1666666, 1.3333334, 1.5, 1.6666667, 1.8333334, 2.0, 2.1666667, 2.3333335, 2.5, 1.1666666, 1.3333334, 1.5, 1.6666667, 1.8333334, 2.0, 2.1666667, 2.3333335, 2.5, 2.6666667, 1.3333334, 1.5, 1.6666667, 1.8333334, 2.0, 2.1666667, 2.3333335, 2.5, 2.6666667, 2.8333333, 1.5, 1.6666667, 1.8333334, 2.0, 2.1666667, 2.3333335, 2.5, 2.6666667, 2.8333333, 3.0, 1.6666667, 1.8333334, 2.0, 2.1666667, 2.3333335, 2.5, 2.6666667, 2.8333333, 3.0, 3.1666665, 1.8333334, 2.0, 2.1666667, 2.3333335, 2.5, 2.6666667, 2.8333335, 3.0, 3.1666665, 3.3333335, 2.0, 2.1666667, 2.3333335, 2.5, 2.6666667, 2.8333335, 3.0, 3.1666665, 3.3333335, 3.5, 2.1666667, 2.3333335, 2.5, 2.6666667, 2.8333333, 3.0, 3.1666665, 3.3333335, 3.5, 3.6666667, 2.3333335, 2.5, 2.6666667, 2.8333333, 3.0, 3.1666665, 3.3333335, 3.5, 3.6666667, 3.8333333, 2.5, 2.6666667, 2.8333333, 3.0, 3.1666665, 3.3333335, 3.5, 3.6666667, 3.8333333, 4.0]
